71
36633 972579 -39220 964468 -87387 958971 -301014 919006 -411800 883732 -567033 829315 -643026 798003 -778988 728545 -864454 613177 -866694 610010 -909566 532972 -965569 424935 -979482 360743 -983236 312362 -978343 98730 -972496 36704 -965665 -31446 -916129 -188559 -908466 -212791 -892614 -259907 -866844 -329775 -827299 -408287 -798722 -462544 -703197 -630503 -677658 -663500 -629271 -719248 -596922 -752482 -561243 -788404 -542212 -802390 -364446 -857660 -185877 -907044 -144371 -916573 -118339 -918632 -81335 -920273 94168 -924755 111479 -923842 139134 -920038 240447 -904114 392159 -869484 432200 -859735 447090 -855170 487551 -838407 574643 -798423 595478 -783495 649840 -738126 662543 -726939 693733 -698471 718928 -674276 766799 -595032 818878 -502334 832157 -475296 877552 -371823 940493 -215417 944438 -192444 949646 -158953 969180 -6520 976181 53812 986678 206089 985452 310131 964568 419087 946984 494862 880801 623623 782864 750791 746849 776920 700878 808003 608799 851145 544281 875165 470669 898709 424967 911442 234485 945850 112100 965815
270
-893095 651758
749273 808468
993325 905764
692606 825589
-938857 -480975
621212 944601
-596145 -833501
-696878 -854775
968781 441235
-991690 394827
-970319 -317167
295290 -955510
929863 -997942
-998545 30823
859639 -693971
988292 334726
-814529 872943
938617 -541601
-134481 -978646
-408419 -926135
-577636 -867842
-937490 -435458
-905164 973570
966265 -838005
-668940 785177
-299273 929004
-747235 841430
931302 961173
-986677 961100
-352986 939648
628488 -839958
332285 -939933
-985002 -280483
425198 -867241
926433 -833731
-994193 -771986
-404185 -858034
-323528 -902042
777199 -637514
-877098 813150
-845456 940154
-468275 -882497
-995055 -605697
311491 -963804
-130485 -925781
936905 -342462
-400246 -988929
-195499 -921560
-182239 942533
836759 750016
814792 743865
985056 -806182
-131436 951055
-857665 856119
851384 -789634
354609 930684
-194515 -972705
-254198 -977416
-856741 -949094
-662837 -947642
870699 -716261
754437 838883
-246220 929859
-553999 -936945
884635 -720563
851556 -537144
315425 960629
220855 -983522
861075 943107
-753867 867246
293508 -935430
-470334 -825878
-756252 834768
-925758 -173213
821844 -842800
-373439 -972101
-997791 353880
-696793 924563
-828258 -783115
990349 341670
-443214 893443
-930936 652761
550001 -872235
-931194 855703
871468 -504549
-666178 -935930
-778483 -642041
-820311 -519615
-714746 914620
-927439 657995
922892 -595497
892683 837239
908079 -506697
-388435 894266
-816415 799531
-981153 -515227
550277 886359
-888583 -789046
793452 -774034
-729602 802323
450151 920892
-735462 807445
517685 888317
-324163 -952122
966619 -956703
27949 -962780
-730880 790510
-536938 872841
573393 -960274
-914621 -638872
951483 -958837
-808812 -706621
-881959 -667138
-993561 -774881
761158 -637493
-93215 -922981
-728058 988121
-182255 -979137
770308 867530
642556 -934600
859249 987788
858687 -842804
612397 870029
-315331 986888
-998088 513043
-965076 -499798
-914680 -882981
998375 -820121
-473296 -908504
-892820 -908603
-628273 951583
948829 938963
661275 -841634
-810252 -755056
927289 -349277
831575 -941027
-902260 707651
-300710 922327
-187294 966628
162344 -944360
-990482 -113927
931004 -725810
-390782 -933083
-927434 -775174
915549 -684104
101856 -934390
936271 -913110
-731424 887461
830641 991505
879575 -486564
-407386 983397
972796 -973143
-368140 984600
-892911 -375986
770553 -619483
-967834 -106475
812897 -785027
978017 -434838
974280 905704
974687 -923635
-921449 -729186
-389334 -978703
888129 798030
993536 604529
913728 687176
522181 -899455
-818002 -985792
-920996 620482
-492289 -931947
626505 -980522
-806882 -791906
-968617 645928
887599 726142
815663 -538587
411391 916398
951189 546697
613052 -834704
974069 897155
894467 -909683
-846625 -594670
305814 976912
-717185 -986504
-706655 771885
-933806 -664066
932694 -338475
-612440 989220
506285 945246
-713197 872494
959568 785311
977082 -183993
684192 920014
-498562 960592
-294991 -988850
914679 -494406
-941907 -295683
996433 -653598
-986574 82652
-909206 930546
-959190 -53951
940015 -543992
-578642 988994
-759049 -554102
-688172 826564
916916 -463216
791383 -780084
-841441 -619409
-335712 -923881
-862908 682707
776399 773295
550372 -895840
-215458 -941401
999628 237040
-911511 -923486
494540 -975471
-835870 856235
-834227 953483
-988564 -76648
796343 752318
812597 973253
-415547 -943142
-347295 -955129
564531 943271
-143314 991266
266635 -918573
-295717 958336
-343720 -934728
830469 -618219
-964786 760193
913433 907265
998571 -444483
-371356 -940468
723649 -772849
-97932 -949716
-819843 973457
-882686 -546769
797454 -645460
-861203 723603
600616 -882497
653818 -856213
-325745 -982168
-632802 -787008
967112 -283490
991053 -875552
750410 -631022
993323 103281
515178 -904530
875331 -561177
-603780 900097
469618 -969340
-867106 -563164
-395325 -972792
-953289 -184790
-765579 915785
-655329 -764039
892471 952002
531655 982952
984266 625455
-724095 985912
-598839 916569
-914953 -421684
-893334 -723550
902692 -826985
-963020 -959734
480697 -996712
-972984 515422
-737308 -775288
984006 995020
-892936 616899
703176 -705392
-982151 -771356 

answer
-778988 728545 -965569 424935
880801 623623 544281 875165
986678 206089 36633 972579
782864 750791 544281 875165
-978343 98730 -561243 -788404
782864 750791 36633 972579
-798722 -462544 -144371 -916573
-908466 -212791 -144371 -916573
985452 310131 946984 494862
-866694 610010 -978343 98730
-983236 312362 -677658 -663500
-144371 -916573 574643 -798423
-118339 -918632 986678 206089
-983236 312362 -892614 -259907
447090 -855170 944438 -192444
986678 206089 946984 494862
-87387 958971 -965569 424935
574643 -798423 986678 206089
-542212 -802390 240447 -904114
-561243 -788404 94168 -924755
-798722 -462544 -144371 -916573
-978343 98730 -561243 -788404
36633 972579 -979482 360743
111479 -923842 986678 206089
-643026 798003 -778988 728545
-87387 958971 -567033 829315
-87387 958971 -909566 532972
985452 310131 36633 972579
36633 972579 -983236 312362
36633 972579 -643026 798003
240447 -904114 766799 -595032
-118339 -918632 574643 -798423
-983236 312362 -677658 -663500
240447 -904114 574643 -798423
111479 -923842 986678 206089
-983236 312362 -144371 -916573
-542212 -802390 -144371 -916573
-542212 -802390 -144371 -916573
595478 -783495 940493 -215417
-87387 958971 -965569 424935
36633 972579 -965569 424935
-596922 -752482 -144371 -916573
-983236 312362 -542212 -802390
-144371 -916573 574643 -798423
-364446 -857660 94168 -924755
718928 -674276 976181 53812
-677658 -663500 111479 -923842
-542212 -802390 94168 -924755
-87387 958971 -301014 919006
946984 494862 608799 851145
880801 623623 700878 808003
111479 -923842 986678 206089
-87387 958971 -301014 919006
-87387 958971 -965569 424935
240447 -904114 944438 -192444
424967 911442 112100 965815
-542212 -802390 240447 -904114
-542212 -802390 139134 -920038
-965665 -31446 94168 -924755
-908466 -212791 94168 -924755
... and some other lines ...



-778988 728545 -965569 424935
880801 623623 544281 875165
986678 206089 36633 972579
782864 750791 544281 875165
-978343 98730 -561243 -788404
782864 750791 36633 972579
-798722 -462544 -144371 -916573
-908466 -212791 -144371 -916573
985452 310131 946984 494862
-866694 610010 -978343 98730
-983236 312362 -677658 -663500
-144371 -916573 574643 -798423
-118339 -918632 986678 206089
-983236 312362 -892614 -259907
447090 -855170 944438 -192444
986678 206089 946984 494862
-87387 958971 -965569 424935
574643 -798423 986678 206089
-542212 -802390 240447 -904114
-561243 -788404 94168 -924755
-798722 -462544 -144371 -916573
-978343 98730 -561243 -788404
36633 972579 -979482 360743
111479 -923842 986678 206089
-643026 798003 -778988 728545
-87387 958971 -567033 829315
-87387 958971 -909566 532972
985452 310131 36633 972579
36633 972579 -983236 312362
36633 972579 -643026 798003
240447 -904114 766799 -595032
-118339 -918632 574643 -798423
-983236 312362 -677658 -663500
240447 -904114 574643 -798423
111479 -923842 986678 206089
-983236 312362 -144371 -916573
-542212 -802390 -144371 -916573
-542212 -802390 -144371 -916573
595478 -783495 940493 -215417
-87387 958971 -965569 424935
36633 972579 -965569 424935
-596922 -752482 -144371 -916573
-983236 312362 -542212 -802390
-144371 -916573 574643 -798423
-364446 -857660 94168 -924755
718928 -674276 976181 53812
-677658 -663500 111479 -923842
-542212 -802390 94168 -924755
-87387 958971 -301014 919006
946984 494862 608799 851145
880801 623623 700878 808003
111479 -923842 986678 206089
-87387 958971 -301014 919006
-87387 958971 -965569 424935
240447 -904114 944438 -192444
424967 911442 112100 965815
-542212 -802390 240447 -904114
-542212 -802390 139134 -920038
-965665 -31446 94168 -924755
-908466 -212791 94168 -924755
447090 -855170 949646 -158953
880801 623623 424967 911442
-87387 958971 -301014 919006
-827299 -408287 94168 -924755
447090 -855170 969180 -6520
718928 -674276 940493 -215417
608799 851145 36633 972579
-144371 -916573 574643 -798423
964568 419087 36633 972579
-87387 958971 -965569 424935
-81335 -920273 574643 -798423
-542212 -802390 -364446 -857660
-87387 958971 -965569 424935
-965665 -31446 -866844 -329775
111479 -923842 940493 -215417
-561243 -788404 111479 -923842
-965569 424935 -978343 98730
36633 972579 -909566 532972
-965665 -31446 -144371 -916573
986678 206089 946984 494862
-87387 958971 -643026 798003
-643026 798003 -979482 360743
111479 -923842 718928 -674276
-87387 958971 -979482 360743
718928 -674276 940493 -215417
-908466 -212791 94168 -924755
-965665 -31446 -542212 -802390
-965665 -31446 -629271 -719248
36633 972579 -965569 424935
-643026 798003 -979482 360743
574643 -798423 976181 53812
985452 310131 234485 945850
662543 -726939 969180 -6520
-301014 919006 -567033 829315
-301014 919006 -965569 424935
-983236 312362 -542212 -802390
700878 808003 424967 911442
-965665 -31446 -144371 -916573
392159 -869484 940493 -215417
-301014 919006 -864454 613177
608799 851145 112100 965815
-301014 919006 -866694 610010
608799 851145 424967 911442
-542212 -802390 111479 -923842
-81335 -920273 986678 206089
-185877 -907044 432200 -859735
-301014 919006 -778988 728545
-301014 919006 -778988 728545
-118339 -918632 818878 -502334
-978343 98730 -542212 -802390
-81335 -920273 986678 206089
-965665 -31446 -542212 -802390
-965665 -31446 -542212 -802390
-983236 312362 -144371 -916573
662543 -726939 877552 -371823
-144371 -916573 94168 -924755
36633 972579 -965569 424935
-542212 -802390 240447 -904114
946984 494862 112100 965815
94168 -924755 877552 -371823
985452 310131 36633 972579
111479 -923842 949646 -158953
746849 776920 424967 911442
36633 972579 -778988 728545
-778988 728545 -978343 98730
-983236 312362 -542212 -802390
-978343 98730 -118339 -918632
111479 -923842 986678 206089
-677658 -663500 -81335 -920273
-978343 98730 94168 -924755
36633 972579 -866694 610010
985452 310131 36633 972579
139134 -920038 832157 -475296
-965665 -31446 -185877 -907044
718928 -674276 969180 -6520
94168 -924755 949646 -158953
-567033 829315 -965569 424935
-87387 958971 -411800 883732
36633 972579 -567033 829315
-144371 -916573 447090 -855170
-983236 312362 -798722 -462544
432200 -859735 986678 206089
-561243 -788404 94168 -924755
-978343 98730 -144371 -916573
447090 -855170 976181 53812
-118339 -918632 240447 -904114
94168 -924755 986678 206089
-39220 964468 -965569 424935
946984 494862 36633 972579
718928 -674276 940493 -215417
36633 972579 -778988 728545
-118339 -918632 986678 206089
36633 972579 -778988 728545
-965665 -31446 -703197 -630503
718928 -674276 877552 -371823
-978343 98730 -866844 -329775
240447 -904114 940493 -215417
693733 -698471 986678 206089
985452 310131 36633 972579
94168 -924755 986678 206089
-978343 98730 -185877 -907044
-629271 -719248 111479 -923842
964568 419087 424967 911442
986678 206089 746849 776920
985452 310131 700878 808003
111479 -923842 718928 -674276
-965665 -31446 111479 -923842
-778988 728545 -965569 424935
-703197 -630503 94168 -924755
-144371 -916573 877552 -371823
-965665 -31446 -144371 -916573
-643026 798003 -983236 312362
946984 494862 608799 851145
718928 -674276 940493 -215417
470669 898709 234485 945850
985452 310131 782864 750791
240447 -904114 718928 -674276
985452 310131 36633 972579
94168 -924755 976181 53812
-965665 -31446 -542212 -802390
608799 851145 36633 972579
-965665 -31446 111479 -923842
-567033 829315 -778988 728545
-978343 98730 -542212 -802390
718928 -674276 976181 53812
36633 972579 -866694 610010
746849 776920 36633 972579
-87387 958971 -866694 610010
985452 310131 424967 911442
818878 -502334 986678 206089
880801 623623 36633 972579
36633 972579 -778988 728545
-561243 -788404 240447 -904114
693733 -698471 976181 53812
-978343 98730 -703197 -630503
447090 -855170 986678 206089
-983236 312362 -965665 -31446
36633 972579 -979482 360743
-965665 -31446 -908466 -212791
574643 -798423 986678 206089
36633 972579 -778988 728545
-866844 -329775 -703197 -630503
-301014 919006 -778988 728545
718928 -674276 976181 53812
240447 -904114 940493 -215417
-965665 -31446 -542212 -802390
-542212 -802390 94168 -924755
-778988 728545 -965569 424935
880801 623623 608799 851145
111479 -923842 718928 -674276
-542212 -802390 111479 -923842
969180 -6520 964568 419087
-978343 98730 94168 -924755
-144371 -916573 718928 -674276
-87387 958971 -965569 424935
36633 972579 -965569 424935
-983236 312362 -866844 -329775
880801 623623 700878 808003
946984 494862 36633 972579
-629271 -719248 94168 -924755
-561243 -788404 111479 -923842
782864 750791 36633 972579
36633 972579 -567033 829315
94168 -924755 447090 -855170
36633 972579 -643026 798003
-542212 -802390 94168 -924755
574643 -798423 940493 -215417
-301014 919006 -983236 312362
985452 310131 36633 972579
649840 -738126 985452 310131
-561243 -788404 94168 -924755
432200 -859735 940493 -215417
-542212 -802390 111479 -923842
36633 972579 -965569 424935
-965665 -31446 -561243 -788404
574643 -798423 940493 -215417
-567033 829315 -965569 424935
111479 -923842 766799 -595032
111479 -923842 832157 -475296
-561243 -788404 111479 -923842
-827299 -408287 -185877 -907044
718928 -674276 986678 206089
111479 -923842 986678 206089
718928 -674276 818878 -502334
944438 -192444 985452 310131
94168 -924755 718928 -674276
595478 -783495 940493 -215417
-39220 964468 -778988 728545
-144371 -916573 718928 -674276
-965665 -31446 -561243 -788404
-629271 -719248 111479 -923842
-978343 98730 -798722 -462544
36633 972579 -965569 424935
-866844 -329775 -542212 -802390
985452 310131 36633 972579
782864 750791 36633 972579
986678 206089 700878 808003
36633 972579 -965569 424935
36633 972579 -778988 728545
-965665 -31446 -629271 -719248
-965665 -31446 -185877 -907044
111479 -923842 976181 53812
-983236 312362 94168 -924755
-144371 -916573 718928 -674276
-778988 728545 -983236 312362
-965665 -31446 -185877 -907044
986678 206089 36633 972579
-778988 728545 -965569 424935
595478 -783495 766799 -595032
-983236 312362 -144371 -916573